{
  "camera_angle_x": 1.1617056744067524,
  "camera_angle_y": 0.9124393132855073,
  "fl_x": 2486.334134046875,
  "fl_y": 2494.145449519211,
  "k1": 0.05115340691782084,
  "k2": -0.09145692614970521,
  "k3": 0,
  "k4": 0,
  "p1": 0.0004999303709194594,
  "p2": 0.0013873800468605555,
  "is_fisheye": false,
  "cx": 1608.8004409286973,
  "cy": 1207.14005692888,
  "w": 3264.0,
  "h": 2448.0,
  "aabb_scale": 32,
  "frames": [
    {
      "file_path": "frames/01left.jpg",
      "sharpness": 177.0780904446821,
      "transform_matrix": [
        [
          -0.004286552237388701,
          -0.07902883628349028,
          0.9968631142332449,
          3.954676527628405
        ],
        [
          0.9996581889081908,
          -0.02604835363395045,
          0.0022335222757621526,
          -0.048846758039420124
        ],
        [
          0.025790130257921977,
          0.9965319494736932,
          0.07911348097922573,
          0.23096973051097244
        ],
        [
          0.0,
          0.0,
          0.0,
          1.0
        ]
      ]
    },
    {
      "file_path": "frames/02right.jpg",
      "sharpness": 138.74977182802417,
      "transform_matrix": [
        [
          0.22329529612485055,
          -0.0002645658802711565,
          0.9747508095644857,
          3.880020335918625
        ],
        [
          0.9738402184872249,
          -0.04315469431722425,
          -0.22309841150295348,
          -0.8913611711977926
        ],
        [
          0.0421240974498486,
          0.999068367218414,
          -0.009378595352094487,
          0.10288436481633713
        ],
        [
          0.0,
          0.0,
          0.0,
          1.0
        ]
      ]
    },
    {
      "file_path": "frames/02left.jpg",
      "sharpness": 219.15731716398835,
      "transform_matrix": [
        [
          0.4838618274725244,
          0.1421380303536442,
          0.8635244711386851,
          3.484093371552816
        ],
        [
          0.8019473893010647,
          0.32302511972277864,
          -0.5025287621831122,
          -2.0176451680107212
        ],
        [
          -0.3503685441258852,
          0.9356556804546775,
          0.04231230238609428,
          0.05343895012862641
        ],
        [
          0.0,
          0.0,
          0.0,
          1.0
        ]
      ]
    },
    {
      "file_path": "frames/01right.jpg",
      "sharpness": 177.10324429433217,
      "transform_matrix": [
        [
          -0.1054852778300852,
          -0.06284462855288024,
          0.9924330752430465,
          3.9747653339203204
        ],
        [
          0.9633910292386523,
          -0.25382207177240546,
          0.08632543462765963,
          0.41235981230105134
        ],
        [
          0.24647632937980846,
          0.9652071842643807,
          0.08731844314400013,
          0.5167373869742657
        ],
        [
          0.0,
          0.0,
          0.0,
          1.0
        ]
      ]
    }
  ]
}