{
  "camera_angle_x": 0.6492050133100445,
  "camera_angle_y": 1.0797851388190576,
  "fl_x": 710.2416393449225,
  "fl_y": 709.1800938234542,
  "k1": -0.05009250205313857,
  "k2": 0.09893606886938124,
  "k3": 0,
  "k4": 0,
  "p1": -0.001438023733324329,
  "p2": -0.0013083615948234672,
  "is_fisheye": false,
  "cx": 239.65013485862045,
  "cy": 423.6519414528805,
  "w": 478.0,
  "h": 850.0,
  "aabb_scale": 32,
  "frames": [
    {
      "file_path": "frames/frame_0.jpg",
      "sharpness": 553.8582364001048,
      "transform_matrix": [
        [
          0.2154428184560232,
          -0.22971103225448863,
          0.949113920274733,
          4.148445352250915
        ],
        [
          0.9717041706297356,
          -0.04594272089965785,
          -0.2316900325376217,
          -1.0331914927783032
        ],
        [
          0.0968266324784553,
          0.9721739083517694,
          0.21331313880318767,
          1.2128827498724315
        ],
        [
          0.0,
          0.0,
          0.0,
          1.0
        ]
      ]
    },
    {
      "file_path": "frames/frame_1.jpg",
      "sharpness": 458.59015505723346,
      "transform_matrix": [
        [
          0.216083987004775,
          -0.23078044793489602,
          0.9487086462313175,
          4.139549795956042
        ],
        [
          0.9715551086364025,
          -0.04560372517907866,
          -0.23238109030742893,
          -1.0436509316538551
        ],
        [
          0.09689366049049675,
          0.9719365643517079,
          0.21436168840558031,
          1.2165357297764452
        ],
        [
          0.0,
          0.0,
          0.0,
          1.0
        ]
      ]
    },
    {
      "file_path": "frames/frame_15.jpg",
      "sharpness": 318.10173852409713,
      "transform_matrix": [
        [
          0.7498013877077385,
          -0.24863085955811057,
          0.613172548871779,
          2.83452174164413
        ],
        [
          0.6576408021345388,
          0.17801151813589902,
          -0.7319975920581726,
          -3.0010880284362944
        ],
        [
          0.07284541420396666,
          0.9521000972108578,
          0.2969830812414542,
          1.288973297273788
        ],
        [
          0.0,
          0.0,
          0.0,
          1.0
        ]
      ]
    },
    {
      "file_path": "frames/frame_18.jpg",
      "sharpness": 330.9255112830112,
      "transform_matrix": [
        [
          0.8561305641018733,
          -0.1936087979663406,
          0.4791201212468614,
          2.362262167037492
        ],
        [
          0.5146070384721754,
          0.23488378009732144,
          -0.8246267069421541,
          -3.4664586932677164
        ],
        [
          0.0471174403028624,
          0.952546714455133,
          0.30072363329671636,
          1.1675503735812216
        ],
        [
          0.0,
          0.0,
          0.0,
          1.0
        ]
      ]
    },
    {
      "file_path": "frames/frame_11.jpg",
      "sharpness": 410.18911025636163,
      "transform_matrix": [
        [
          0.5362688765298751,
          -0.28839102902143515,
          0.7932504689367119,
          3.412172224322255
        ],
        [
          0.8374236635379666,
          0.06428472134054823,
          -0.5427606123780438,
          -2.211916488272112
        ],
        [
          0.10553340616715265,
          0.9553523376248317,
          0.27597936734594625,
          1.1625608046387819
        ],
        [
          0.0,
          0.0,
          0.0,
          1.0
        ]
      ]
    },
    {
      "file_path": "frames/frame_2.jpg",
      "sharpness": 392.7226350370541,
      "transform_matrix": [
        [
          0.21974315491394508,
          -0.23453262527224364,
          0.9469463520043495,
          4.137538953426682
        ],
        [
          0.970764292054974,
          -0.04353766828324313,
          -0.23605330057348,
          -1.064193742824066
        ],
        [
          0.09659003644326884,
          0.9711328020134088,
          0.21810879335004757,
          1.1928153270856081
        ],
        [
          0.0,
          0.0,
          0.0,
          1.0
        ]
      ]
    },
    {
      "file_path": "frames/frame_19.jpg",
      "sharpness": 429.6717537923654,
      "transform_matrix": [
        [
          0.886193413723968,
          -0.16350476441594178,
          0.4335059694035555,
          2.224116027651895
        ],
        [
          0.46233657352603635,
          0.2512877765319823,
          -0.8503524834714052,
          -3.5716060478513065
        ],
        [
          0.0301019313157423,
          0.9540024346933019,
          0.29828380504723145,
          1.1056723499941061
        ],
        [
          0.0,
          0.0,
          0.0,
          1.0
        ]
      ]
    },
    {
      "file_path": "frames/frame_17.jpg",
      "sharpness": 341.9264002978138,
      "transform_matrix": [
        [
          0.8249727276603693,
          -0.2176762373306704,
          0.5215717154343602,
          2.535287713574177
        ],
        [
          0.5617971870361956,
          0.2151318476760256,
          -0.7988129998653545,
          -3.311591740952299
        ],
        [
          0.06167592130456777,
          0.9520164619581512,
          0.29976780500090006,
          1.1194425004695028
        ],
        [
          0.0,
          0.0,
          0.0,
          1.0
        ]
      ]
    },
    {
      "file_path": "frames/frame_10.jpg",
      "sharpness": 431.46513479929,
      "transform_matrix": [
        [
          0.48495850796734474,
          -0.2907026372725048,
          0.8248073849426102,
          3.508914728137787
        ],
        [
          0.8675775090164991,
          0.04117243001204202,
          -0.4955946901004896,
          -2.0338239090810553
        ],
        [
          0.1101113591004971,
          0.9559271979145946,
          0.27217399013743643,
          1.1736327635117594
        ],
        [
          0.0,
          0.0,
          0.0,
          1.0
        ]
      ]
    },
    {
      "file_path": "frames/frame_12.jpg",
      "sharpness": 415.1224075045149,
      "transform_matrix": [
        [
          0.5849785326843354,
          -0.2764434537250635,
          0.762482218293653,
          3.31932342393646
        ],
        [
          0.8062706813821277,
          0.09631655422127215,
          -0.5836529017547247,
          -2.375590711816096
        ],
        [
          0.08790736401669491,
          0.9561914757508139,
          0.2792313683601068,
          1.2150014262504867
        ],
        [
          0.0,
          0.0,
          0.0,
          1.0
        ]
      ]
    },
    {
      "file_path": "frames/frame_20.jpg",
      "sharpness": 458.8082347489264,
      "transform_matrix": [
        [
          0.9126636233667549,
          -0.1309629888385629,
          0.3871612146903494,
          2.007665189830532
        ],
        [
          0.4085498680329485,
          0.26568805226659936,
          -0.8732106642805115,
          -3.625163609930335
        ],
        [
          0.011494169435633068,
          0.9551222719939605,
          0.2959887322740858,
          1.0006278589393882
        ],
        [
          0.0,
          0.0,
          0.0,
          1.0
        ]
      ]
    },
    {
      "file_path": "frames/frame_22.jpg",
      "sharpness": 387.9716101421985,
      "transform_matrix": [
        [
          0.95715696719243,
          -0.07271693757577363,
          0.28029054063160885,
          1.4555931654779322
        ],
        [
          0.28933887235033845,
          0.27880151524722874,
          -0.9157252492112761,
          -3.7794316562431574
        ],
        [
          -0.011556691654101113,
          0.9575917512734143,
          0.287896649501636,
          0.9783061617088182
        ],
        [
          0.0,
          0.0,
          0.0,
          1.0
        ]
      ]
    },
    {
      "file_path": "frames/frame_14.jpg",
      "sharpness": 366.75759245874514,
      "transform_matrix": [
        [
          0.6844529468642031,
          -0.25843005761011717,
          0.6817170005768595,
          2.9819463235610373
        ],
        [
          0.7258612598866216,
          0.15409985424074954,
          -0.6703571184965191,
          -2.837307664373908
        ],
        [
          0.0681879383300726,
          0.9536598661311865,
          0.2930584665558771,
          1.3009857576594523
        ],
        [
          0.0,
          0.0,
          0.0,
          1.0
        ]
      ]
    },
    {
      "file_path": "frames/frame_16.jpg",
      "sharpness": 414.2658568286384,
      "transform_matrix": [
        [
          0.7923710399209246,
          -0.23678403668686715,
          0.5622112192831749,
          2.6887586534235277
        ],
        [
          0.6058190912164264,
          0.1972093496197552,
          -0.7707734434582101,
          -3.1651562325629112
        ],
        [
          0.07163353840930739,
          0.9513368448742265,
          0.29971126736052955,
          1.179727626195836
        ],
        [
          0.0,
          0.0,
          0.0,
          1.0
        ]
      ]
    },
    {
      "file_path": "frames/frame_21.jpg",
      "sharpness": 374.8083057389496,
      "transform_matrix": [
        [
          0.9359045801277494,
          -0.10106482711475326,
          0.33744409557604615,
          1.7068060693326046
        ],
        [
          0.35224987425643867,
          0.27293802455318067,
          -0.8952233580730011,
          -3.702650000025199
        ],
        [
          -0.0016257309309239058,
          0.9567082812931065,
          0.29104401991326256,
          0.9824628472847557
        ],
        [
          0.0,
          0.0,
          0.0,
          1.0
        ]
      ]
    },
    {
      "file_path": "frames/frame_13.jpg",
      "sharpness": 336.74040790229265,
      "transform_matrix": [
        [
          0.628810566509917,
          -0.2661286394470864,
          0.7305975764636027,
          3.122738795149706
        ],
        [
          0.7741882868627112,
          0.1268967503301646,
          -0.6201045970160153,
          -2.6436748983159677
        ],
        [
          0.07231713446643089,
          0.9555484090534497,
          0.28582769292202226,
          1.2862395700694937
        ],
        [
          0.0,
          0.0,
          0.0,
          1.0
        ]
      ]
    },
    {
      "file_path": "frames/frame_23.jpg",
      "sharpness": 466.3544758249546,
      "transform_matrix": [
        [
          0.9757112159817238,
          -0.04647828519940246,
          0.21407333331211456,
          1.1547457374167334
        ],
        [
          0.21832397842639903,
          0.28640380583676617,
          -0.932902728287605,
          -3.841147897552274
        ],
        [
          -0.017951698320100334,
          0.9569809972138671,
          0.2895947297899548,
          1.0202626161059845
        ],
        [
          0.0,
          0.0,
          0.0,
          1.0
        ]
      ]
    },
    {
      "file_path": "frames/frame_35.jpg",
      "sharpness": 346.65369896987306,
      "transform_matrix": [
        [
          0.8498435151640142,
          0.3013411973822317,
          -0.43238811560550877,
          -1.6748045079224811
        ],
        [
          -0.5131647005549506,
          0.2861431591444087,
          -0.8091872975889907,
          -3.0336013013808723
        ],
        [
          -0.12011656778610036,
          0.9095688952773193,
          0.39781457352694405,
          1.1752775303783642
        ],
        [
          0.0,
          0.0,
          0.0,
          1.0
        ]
      ]
    },
    {
      "file_path": "frames/frame_36.jpg",
      "sharpness": 390.134114822211,
      "transform_matrix": [
        [
          0.8088781911474148,
          0.3267395774644044,
          -0.488832609824097,
          -1.8661252575886869
        ],
        [
          -0.576475880037454,
          0.2770755434437637,
          -0.7687032606673109,
          -2.916079466395326
        ],
        [
          -0.11572221756590187,
          0.9035875119570467,
          0.4124778498538372,
          1.2554159399895648
        ],
        [
          0.0,
          0.0,
          0.0,
          1.0
        ]
      ]
    },
    {
      "file_path": "frames/frame_24.jpg",
      "sharpness": 436.5141796634766,
      "transform_matrix": [
        [
          0.9903677731402887,
          -0.0155562783022516,
          0.13758515964121176,
          0.8902048962163501
        ],
        [
          0.13602919880814238,
          0.29475743494518847,
          -0.9458404260848219,
          -3.849763228661294
        ],
        [
          -0.025840491844671905,
          0.9554454755615721,
          0.29403437253710185,
          1.1025499803108474
        ],
        [
          0.0,
          0.0,
          0.0,
          1.0
        ]
      ]
    },
    {
      "file_path": "frames/frame_37.jpg",
      "sharpness": 344.32669323172945,
      "transform_matrix": [
        [
          0.766101716205923,
          0.34739295817335175,
          -0.5407460522841336,
          -2.024965921634582
        ],
        [
          -0.6335262868654099,
          0.26636823868961435,
          -0.726424397489572,
          -2.75576339500405
        ],
        [
          -0.10831714680791016,
          0.8990918162513126,
          0.4241477356776173,
          1.3010527409725823
        ],
        [
          0.0,
          0.0,
          0.0,
          1.0
        ]
      ]
    },
    {
      "file_path": "frames/frame_34.jpg",
      "sharpness": 245.24988892758404,
      "transform_matrix": [
        [
          0.8859524363454099,
          0.2725842820118703,
          -0.37521472486654245,
          -1.3949363821348248
        ],
        [
          -0.4476191996653548,
          0.2908899257313937,
          -0.8455886134516603,
          -3.1197166258831137
        ],
        [
          -0.12134798162537994,
          0.9171046070808543,
          0.3797285965655725,
          1.1520168775727655
        ],
        [
          0.0,
          0.0,
          0.0,
          1.0
        ]
      ]
    },
    {
      "file_path": "frames/frame_25.jpg",
      "sharpness": 394.3717687336098,
      "transform_matrix": [
        [
          0.9982034489016566,
          0.022085589037633944,
          0.05569651138687478,
          0.549479193692263
        ],
        [
          0.046502661587456605,
          0.3005833508842125,
          -0.9526212004971712,
          -3.846585129045868
        ],
        [
          -0.03778064436794552,
          0.9534998038537384,
          0.29901629886206116,
          1.1240936663984025
        ],
        [
          0.0,
          0.0,
          0.0,
          1.0
        ]
      ]
    },
    {
      "file_path": "frames/frame_33.jpg",
      "sharpness": 279.05427728753307,
      "transform_matrix": [
        [
          0.9135342156948479,
          0.24311274352312126,
          -0.3261156707587483,
          -1.1389785289856817
        ],
        [
          -0.38977116639188925,
          0.293895430038855,
          -0.8727565032997187,
          -3.1937931003386666
        ],
        [
          -0.11633432264478842,
          0.9244034131047985,
          0.3632418687845851,
          1.1324242602495402
        ],
        [
          0.0,
          0.0,
          0.0,
          1.0
        ]
      ]
    },
    {
      "file_path": "frames/frame_30.jpg",
      "sharpness": 358.0977271305513,
      "transform_matrix": [
        [
          0.9618822392417214,
          0.17297744545013102,
          -0.2118050075419568,
          -0.7891240883622507
        ],
        [
          -0.25623787828649724,
          0.29955574873260477,
          -0.9190258446489159,
          -3.4480885686750407
        ],
        [
          -0.09552333529047254,
          0.9382671031149203,
          0.3324607279822083,
          1.0032911082038942
        ],
        [
          0.0,
          0.0,
          0.0,
          1.0
        ]
      ]
    },
    {
      "file_path": "frames/frame_26.jpg",
      "sharpness": 355.1005314678988,
      "transform_matrix": [
        [
          0.9981992765953259,
          0.05953290862555378,
          -0.007350987560753266,
          0.21670425522343875
        ],
        [
          -0.025040728425738224,
          0.30219862524755003,
          -0.9529160261106792,
          -3.8431272307462154
        ],
        [
          -0.0545084043752012,
          0.9513841620029435,
          0.30314519650749366,
          1.124912884903646
        ],
        [
          0.0,
          0.0,
          0.0,
          1.0
        ]
      ]
    },
    {
      "file_path": "frames/frame_32.jpg",
      "sharpness": 358.11941146802496,
      "transform_matrix": [
        [
          0.9317579605738477,
          0.21521171479274345,
          -0.2924226748154089,
          -1.0294562056963465
        ],
        [
          -0.34765693045801527,
          0.29658385147032285,
          -0.8894788798795107,
          -3.2805691114966344
        ],
        [
          -0.10469843185679019,
          0.9304417966126928,
          0.3511642087485767,
          1.1252013884174459
        ],
        [
          0.0,
          0.0,
          0.0,
          1.0
        ]
      ]
    },
    {
      "file_path": "frames/frame_29.jpg",
      "sharpness": 290.3598941624557,
      "transform_matrix": [
        [
          0.9756672580620294,
          0.14831951304743735,
          -0.1614766968266944,
          -0.6146668151396795
        ],
        [
          -0.20018957320704234,
          0.30222202945868903,
          -0.9319796026143607,
          -3.553210614750064
        ],
        [
          -0.0894289458046568,
          0.9416279344731143,
          0.3245601588231445,
          1.0126172725351705
        ],
        [
          0.0,
          0.0,
          0.0,
          1.0
        ]
      ]
    },
    {
      "file_path": "frames/frame_31.jpg",
      "sharpness": 367.391511579674,
      "transform_matrix": [
        [
          0.9466438646784743,
          0.196295392304815,
          -0.2556042105472246,
          -0.9442177977348464
        ],
        [
          -0.30582674107864977,
          0.29695889790998703,
          -0.904591298539549,
          -3.39997028366664
        ],
        [
          -0.10166315915708646,
          0.9344964055216382,
          0.34114669888550775,
          1.0715612568355664
        ],
        [
          0.0,
          0.0,
          0.0,
          1.0
        ]
      ]
    },
    {
      "file_path": "frames/frame_3.jpg",
      "sharpness": 414.7481637885557,
      "transform_matrix": [
        [
          0.2324521974071781,
          -0.2439580497659339,
          0.9415149738044246,
          4.104647090710463
        ],
        [
          0.9675229857747414,
          -0.040855730632183805,
          -0.2494595784334814,
          -1.111749285392704
        ],
        [
          0.09932395440598532,
          0.9689248057780154,
          0.22653801635119253,
          1.194238813446841
        ],
        [
          0.0,
          0.0,
          0.0,
          1.0
        ]
      ]
    },
    {
      "file_path": "frames/frame_28.jpg",
      "sharpness": 442.3422701999198,
      "transform_matrix": [
        [
          0.9869213206851694,
          0.12139875683052655,
          -0.10605964661459617,
          -0.35715226646050885
        ],
        [
          -0.13862294742386558,
          0.303312730698351,
          -0.9427539794898773,
          -3.6630257318433825
        ],
        [
          -0.08227992007552744,
          0.9451263033357981,
          0.31617445424688256,
          1.075603568245089
        ],
        [
          0.0,
          0.0,
          0.0,
          1.0
        ]
      ]
    },
    {
      "file_path": "frames/frame_27.jpg",
      "sharpness": 270.55650014168924,
      "transform_matrix": [
        [
          0.9943993158218724,
          0.09175024955198816,
          -0.052458482851777906,
          -0.09178100674635058
        ],
        [
          -0.0779834081337374,
          0.30195457020668615,
          -0.9501273733491282,
          -3.7425770844231394
        ],
        [
          -0.07133434496775415,
          0.9488969012803123,
          0.30741841518000107,
          1.1065192215094741
        ],
        [
          0.0,
          0.0,
          0.0,
          1.0
        ]
      ]
    },
    {
      "file_path": "frames/frame_38.jpg",
      "sharpness": 341.5389711928583,
      "transform_matrix": [
        [
          0.7204869365819712,
          0.3683700034062701,
          -0.5875390325996737,
          -2.182172841649435
        ],
        [
          -0.685716084898849,
          0.25211168875577733,
          -0.6828126736549888,
          -2.572600895360206
        ],
        [
          -0.10340224920149305,
          0.8948425766605344,
          0.43424041483808085,
          1.3808169684509581
        ],
        [
          0.0,
          0.0,
          0.0,
          1.0
        ]
      ]
    },
    {
      "file_path": "frames/frame_39.jpg",
      "sharpness": 294.03807270703624,
      "transform_matrix": [
        [
          0.6731129981245006,
          0.3909174075549356,
          -0.6277758136861777,
          -2.398491076800747
        ],
        [
          -0.7323415044543369,
          0.23419290532103473,
          -0.6393978448126172,
          -2.3950634794228316
        ],
        [
          -0.10293110619291862,
          0.8901332841711478,
          0.4439233310063004,
          1.4838202873028048
        ],
        [
          0.0,
          0.0,
          0.0,
          1.0
        ]
      ]
    },
    {
      "file_path": "frames/frame_40.jpg",
      "sharpness": 429.31654442375066,
      "transform_matrix": [
        [
          0.6327532203859474,
          0.4135118504661392,
          -0.654699405558193,
          -2.641614943231234
        ],
        [
          -0.7665983646203878,
          0.21515357659125778,
          -0.6050089964963391,
          -2.154424373558536
        ],
        [
          -0.10931747099184733,
          0.88471288451438,
          0.45313662678416566,
          1.6331361681944645
        ],
        [
          0.0,
          0.0,
          0.0,
          1.0
        ]
      ]
    },
    {
      "file_path": "frames/frame_41.jpg",
      "sharpness": 444.6850465337015,
      "transform_matrix": [
        [
          0.5944244176899153,
          0.4330624973925179,
          -0.6775813493811123,
          -2.8091715620561217
        ],
        [
          -0.7957823349207003,
          0.195537061468128,
          -0.5731454728258234,
          -1.9054499244747323
        ],
        [
          -0.11571554386757495,
          0.8798989322453232,
          0.46085548924159736,
          1.6074611521797575
        ],
        [
          0.0,
          0.0,
          0.0,
          1.0
        ]
      ]
    },
    {
      "file_path": "frames/frame_42.jpg",
      "sharpness": 536.742280600957,
      "transform_matrix": [
        [
          0.5407396299074334,
          0.4580219877792448,
          -0.7055611322779106,
          -2.949210032769587
        ],
        [
          -0.8322327126011928,
          0.16921551741518823,
          -0.527972367404334,
          -1.643830532140547
        ],
        [
          -0.12243106114459389,
          0.8726866375731893,
          0.4726824175821963,
          1.5770025882370784
        ],
        [
          0.0,
          0.0,
          0.0,
          1.0
        ]
      ]
    },
    {
      "file_path": "frames/frame_43.jpg",
      "sharpness": 568.6300927600482,
      "transform_matrix": [
        [
          0.467297460951524,
          0.483356331070765,
          -0.7402700454732964,
          -3.002172323972877
        ],
        [
          -0.8754584956256792,
          0.1361990730386809,
          -0.4637049007077621,
          -1.5099832625844216
        ],
        [
          -0.12331060551387209,
          0.8647638230983226,
          0.48680388746528697,
          1.6045298928541676
        ],
        [
          0.0,
          0.0,
          0.0,
          1.0
        ]
      ]
    },
    {
      "file_path": "frames/frame_48.jpg",
      "sharpness": 776.285623681363,
      "transform_matrix": [
        [
          -0.03749795462437791,
          0.5356178254694055,
          -0.8436275531663157,
          -3.193539010979115
        ],
        [
          -0.9960645140702998,
          -0.087879203391194,
          -0.011520825551934264,
          -0.48278243081894084
        ],
        [
          -0.08030807686085738,
          0.8398754614071393,
          0.536805199434763,
          1.8807939647220049
        ],
        [
          0.0,
          0.0,
          0.0,
          1.0
        ]
      ]
    },
    {
      "file_path": "frames/frame_44.jpg",
      "sharpness": 624.9148958605145,
      "transform_matrix": [
        [
          0.3779296194247586,
          0.5054402123332247,
          -0.775692848066149,
          -3.0026901697179444
        ],
        [
          -0.9187368267678224,
          0.10119752239066043,
          -0.3816827276715,
          -1.3314178591041843
        ],
        [
          -0.11441960455775804,
          0.8569067937886803,
          0.5026120779237113,
          1.6529727906329312
        ],
        [
          0.0,
          0.0,
          0.0,
          1.0
        ]
      ]
    },
    {
      "file_path": "frames/frame_47.jpg",
      "sharpness": 599.0389386215771,
      "transform_matrix": [
        [
          0.06429330170478573,
          0.5390141807438916,
          -0.8398393205464129,
          -3.0490737962630705
        ],
        [
          -0.9942669543354096,
          -0.03745240354990102,
          -0.10015258850921652,
          -0.7765327786865239
        ],
        [
          -0.08543766659485438,
          0.8414636239603385,
          0.5335160491508213,
          1.852403298572059
        ],
        [
          0.0,
          0.0,
          0.0,
          1.0
        ]
      ]
    },
    {
      "file_path": "frames/frame_4.jpg",
      "sharpness": 413.07479355877155,
      "transform_matrix": [
        [
          0.25138965671383307,
          -0.25405589210030727,
          0.9339479879572461,
          4.0576487556957375
        ],
        [
          0.962471468687071,
          -0.03630603005178565,
          -0.2689433846470328,
          -1.2002061977364218
        ],
        [
          0.10223459522855853,
          0.9665078767884195,
          0.23539458716702638,
          1.201982351329166
        ],
        [
          0.0,
          0.0,
          0.0,
          1.0
        ]
      ]
    },
    {
      "file_path": "frames/frame_45.jpg",
      "sharpness": 512.2779663913591,
      "transform_matrix": [
        [
          0.2762241241491818,
          0.52534162125173,
          -0.8048083090038225,
          -2.9922873832978354
        ],
        [
          -0.9547518073583304,
          0.05395385109425117,
          -0.29246874755821795,
          -1.1485655384116846
        ],
        [
          -0.11022349834428895,
          0.8491791112336772,
          0.5164742176336293,
          1.768255441819585
        ],
        [
          0.0,
          0.0,
          0.0,
          1.0
        ]
      ]
    },
    {
      "file_path": "frames/frame_46.jpg",
      "sharpness": 689.7594614547917,
      "transform_matrix": [
        [
          0.1716051480572128,
          0.536223656314754,
          -0.8264477379675439,
          -2.941115378328953
        ],
        [
          -0.9801887096635851,
          0.008714345988747393,
          -0.1978740852719142,
          -0.9879999931006704
        ],
        [
          -0.09890281396417647,
          0.8440309535825666,
          0.5270958004078686,
          1.8274907719215014
        ],
        [
          0.0,
          0.0,
          0.0,
          1.0
        ]
      ]
    },
    {
      "file_path": "frames/frame_5.jpg",
      "sharpness": 436.80546383735026,
      "transform_matrix": [
        [
          0.27617270944726796,
          -0.266544264910504,
          0.9234082463476508,
          3.992096612410107
        ],
        [
          0.9552813989619636,
          -0.029506336685070567,
          -0.2942224071903284,
          -1.295236072255662
        ],
        [
          0.10566968985924947,
          0.9633709207578477,
          0.24647593332081533,
          1.2098323679944945
        ],
        [
          0.0,
          0.0,
          0.0,
          1.0
        ]
      ]
    },
    {
      "file_path": "frames/frame_49.jpg",
      "sharpness": 552.8728617166656,
      "transform_matrix": [
        [
          -0.12199351432129209,
          0.5255908787900928,
          -0.8419452539323257,
          -3.2801345874283263
        ],
        [
          -0.9889644905724947,
          -0.13621591837430658,
          0.05826199420120018,
          -0.1924304467586536
        ],
        [
          -0.0840643732530084,
          0.8397615445690836,
          0.5364081742811779,
          1.9787701173039027
        ],
        [
          0.0,
          0.0,
          0.0,
          1.0
        ]
      ]
    },
    {
      "file_path": "frames/frame_50.jpg",
      "sharpness": 415.14406967546404,
      "transform_matrix": [
        [
          -0.1841065077541157,
          0.5136908320486712,
          -0.8379895720679937,
          -3.348207627398445
        ],
        [
          -0.9782022237329144,
          -0.17906906588979787,
          0.10514123418292261,
          0.15004654919586155
        ],
        [
          -0.09604792182555738,
          0.8390804483082792,
          0.5354612945889831,
          2.129754580766793
        ],
        [
          0.0,
          0.0,
          0.0,
          1.0
        ]
      ]
    },
    {
      "file_path": "frames/frame_51.jpg",
      "sharpness": 653.0689711865281,
      "transform_matrix": [
        [
          -0.23394171035196237,
          0.5045477167932877,
          -0.8310853612350837,
          -3.3675585992420967
        ],
        [
          -0.9667524140233618,
          -0.21149684768422478,
          0.1437318802486413,
          0.4687799116476894
        ],
        [
          -0.1032523420478672,
          0.8370786611309647,
          0.5372506574811822,
          2.172384077465747
        ],
        [
          0.0,
          0.0,
          0.0,
          1.0
        ]
      ]
    },
    {
      "file_path": "frames/frame_53.jpg",
      "sharpness": 374.19408184020693,
      "transform_matrix": [
        [
          -0.39359572400482357,
          0.48872920954924054,
          -0.7786052695695429,
          -3.1328596140296363
        ],
        [
          -0.9166644821251939,
          -0.272545027626772,
          0.2923105114877668,
          0.9793121544743615
        ],
        [
          -0.06934430948283102,
          0.8287719636131625,
          0.5552732652435847,
          2.0454102312005995
        ],
        [
          0.0,
          0.0,
          0.0,
          1.0
        ]
      ]
    },
    {
      "file_path": "frames/frame_52.jpg",
      "sharpness": 626.2854339779776,
      "transform_matrix": [
        [
          -0.2950365266557117,
          0.4968877843912414,
          -0.8161225261470668,
          -3.284503962033312
        ],
        [
          -0.9506219006709398,
          -0.23872446226148228,
          0.19831448026533285,
          0.7053384937041248
        ],
        [
          -0.09628836848219909,
          0.8343339624293074,
          0.5427848461915534,
          2.1141921782888566
        ],
        [
          0.0,
          0.0,
          0.0,
          1.0
        ]
      ]
    },
    {
      "file_path": "frames/frame_54.jpg",
      "sharpness": 468.4769726554732,
      "transform_matrix": [
        [
          -0.4623113709701273,
          0.47551398933021954,
          -0.748434794919336,
          -3.098285037378884
        ],
        [
          -0.8844839140780307,
          -0.3071693440287465,
          0.3511911158134901,
          1.163678474000491
        ],
        [
          -0.06289993650585812,
          0.8243381830667085,
          0.5625923550395769,
          2.044465606972133
        ],
        [
          0.0,
          0.0,
          0.0,
          1.0
        ]
      ]
    },
    {
      "file_path": "frames/frame_55.jpg",
      "sharpness": 632.8504186225393,
      "transform_matrix": [
        [
          -0.5135752179116239,
          0.4585557044501479,
          -0.7252359350488845,
          -2.9830851327292542
        ],
        [
          -0.854371442768322,
          -0.35141331804791737,
          0.3828290972231646,
          1.3490049167537879
        ],
        [
          -0.07930909994192989,
          0.8162324092044426,
          0.5722540701942218,
          2.10469104240679
        ],
        [
          0.0,
          0.0,
          0.0,
          1.0
        ]
      ]
    },
    {
      "file_path": "frames/frame_56.jpg",
      "sharpness": 718.7976641265259,
      "transform_matrix": [
        [
          -0.5782979305881317,
          0.43319503427022665,
          -0.6913129289866268,
          -2.7696351811729207
        ],
        [
          -0.809104030449446,
          -0.41309144347068755,
          0.4179786205560445,
          1.5405339694227895
        ],
        [
          -0.10450919286903712,
          0.8010602484425363,
          0.5893897751014899,
          2.188422928545283
        ],
        [
          0.0,
          0.0,
          0.0,
          1.0
        ]
      ]
    },
    {
      "file_path": "frames/frame_59.jpg",
      "sharpness": 967.8357285447952,
      "transform_matrix": [
        [
          -0.7980571712488995,
          0.3424094768539636,
          -0.49584322280512017,
          -1.926980674068943
        ],
        [
          -0.5956783547073341,
          -0.572489895236169,
          0.5634027135059014,
          1.8618143689993005
        ],
        [
          -0.09095080628760838,
          0.744990650967811,
          0.6608455801693246,
          2.521879699308698
        ],
        [
          0.0,
          0.0,
          0.0,
          1.0
        ]
      ]
    },
    {
      "file_path": "frames/frame_58.jpg",
      "sharpness": 516.527341891931,
      "transform_matrix": [
        [
          -0.7217705930624411,
          0.3829429137556044,
          -0.5765430910327772,
          -2.281211973910886
        ],
        [
          -0.6844786587146363,
          -0.5184615839529666,
          0.5125295618102078,
          1.7239296412176754
        ],
        [
          -0.10264588040850911,
          0.7645602074310929,
          0.6363265769015364,
          2.345336536113716
        ],
        [
          0.0,
          0.0,
          0.0,
          1.0
        ]
      ]
    },
    {
      "file_path": "frames/frame_6.jpg",
      "sharpness": 420.32332263112437,
      "transform_matrix": [
        [
          0.30851659975232304,
          -0.2762673887906195,
          0.9102163685580739,
          3.9535762899293827
        ],
        [
          0.9449342986029291,
          -0.020802854392426455,
          -0.3265982433711,
          -1.4033741698232958
        ],
        [
          0.10916354246045384,
          0.9608556453302627,
          0.2546365053514328,
          1.2194186856979539
        ],
        [
          0.0,
          0.0,
          0.0,
          1.0
        ]
      ]
    },
    {
      "file_path": "frames/frame_57.jpg",
      "sharpness": 813.1432290256663,
      "transform_matrix": [
        [
          -0.6470934660366167,
          0.4096734078018021,
          -0.6429912481330874,
          -2.5059195930309617
        ],
        [
          -0.7541147648835628,
          -0.46800038930023374,
          0.4607456532617628,
          1.6282238800287292
        ],
        [
          -0.11216491254131432,
          0.7830346956385318,
          0.6117807596222783,
          2.163368420868713
        ],
        [
          0.0,
          0.0,
          0.0,
          1.0
        ]
      ]
    },
    {
      "file_path": "frames/frame_62.jpg",
      "sharpness": 1141.6400885764685,
      "transform_matrix": [
        [
          -0.9618993380150226,
          0.18476792640357328,
          -0.20152041316391622,
          -0.7908287537428013
        ],
        [
          -0.2716698422742237,
          -0.7288168218121578,
          0.6285073882163161,
          2.2800161284132536
        ],
        [
          -0.030743460202344,
          0.6593078595221022,
          0.7512442918587211,
          2.8832294577464643
        ],
        [
          0.0,
          0.0,
          0.0,
          1.0
        ]
      ]
    },
    {
      "file_path": "frames/frame_66.jpg",
      "sharpness": 926.2243071214634,
      "transform_matrix": [
        [
          -0.9814465208293841,
          -0.11306285389788687,
          0.15485321386181433,
          0.3997656614561368
        ],
        [
          0.1795660041630527,
          -0.8251587835871561,
          0.5356015608808941,
          1.7694229770934646
        ],
        [
          0.06722184855941982,
          0.5534706613223135,
          0.8301514621771356,
          3.117015417903182
        ],
        [
          0.0,
          0.0,
          0.0,
          1.0
        ]
      ]
    },
    {
      "file_path": "frames/frame_64.jpg",
      "sharpness": 1389.1209176772438,
      "transform_matrix": [
        [
          -0.9991630271498608,
          0.03679073932567703,
          -0.01787978466220249,
          -0.24301460438077233
        ],
        [
          -0.04020291114300859,
          -0.8025731266981093,
          0.5951975321167072,
          2.0801899127384984
        ],
        [
          0.007547922570359352,
          0.5954181873358861,
          0.8033804896048075,
          2.8781444032914583
        ],
        [
          0.0,
          0.0,
          0.0,
          1.0
        ]
      ]
    },
    {
      "file_path": "frames/frame_65.jpg",
      "sharpness": 1129.392392182824,
      "transform_matrix": [
        [
          -0.9970943136275207,
          -0.03553112871225641,
          0.06738299968886019,
          0.07451175850671413
        ],
        [
          0.06770281209584067,
          -0.818800133099246,
          0.5700725140463667,
          1.9446504503850974
        ],
        [
          0.03491788924196474,
          0.5729780806773643,
          0.818826514041473,
          2.9928813090356554
        ],
        [
          0.0,
          0.0,
          0.0,
          1.0
        ]
      ]
    },
    {
      "file_path": "frames/frame_60.jpg",
      "sharpness": 967.2741891669107,
      "transform_matrix": [
        [
          -0.8641576212729647,
          0.2947145624878625,
          -0.4078908337734602,
          -1.5758225350972959
        ],
        [
          -0.4970763485180625,
          -0.6262028472421689,
          0.6006538918960903,
          2.097896778072602
        ],
        [
          -0.07840095251613521,
          0.721812524675374,
          0.6876336014837157,
          2.6586944300592195
        ],
        [
          0.0,
          0.0,
          0.0,
          1.0
        ]
      ]
    },
    {
      "file_path": "frames/frame_61.jpg",
      "sharpness": 969.2799829492958,
      "transform_matrix": [
        [
          -0.9196030263054986,
          0.24566819867317105,
          -0.30655735220903746,
