{
  "camera_angle_x": 0.9786988454353828,
  "camera_angle_y": 1.235280891880161,
  "fl_x": 2816.6222957867662,
  "fl_y": 2815.502176346318,
  "k1": 0.055592298725655236,
  "k2": -0.05911090085878727,
  "k3": 0,
  "k4": 0,
  "p1": -0.0002540215935491824,
  "p2": 0.0006720977379756539,
  "is_fisheye": false,
  "cx": 1500.7454707906304,
  "cy": 1993.0447186241652,
  "w": 3000.0,
  "h": 4000.0,
  "aabb_scale": 32,
  "frames": [
    {
      "file_path": "frames/IMG_20251107_131107.jpg",
      "sharpness": 35.68880663719725,
      "transform_matrix": [
        [
          -0.6203911990854727,
          -0.4963275866463051,
          -0.6072673931938197,
          -2.2639488604149243
        ],
        [
          -0.3498734478561603,
          -0.5178319730507878,
          0.7806654970280662,
          3.0349498536733392
        ],
        [
          -0.7019282945049428,
          0.696784740413243,
          0.1476065546797045,
          0.48833575929900447
        ],
        [
          0.0,
          0.0,
          0.0,
          1.0
        ]
      ]
    },
    {
      "file_path": "frames/IMG_20251107_131104.jpg",
      "sharpness": 48.575902128706595,
      "transform_matrix": [
        [
          -0.6349336628925274,
          -0.48418342735459047,
          -0.6020179834575659,
          -3.1343967350772175
        ],
        [
          -0.2549452677240791,
          -0.6042774601872054,
          0.7548851976647212,
          3.6800992983690786
        ],
        [
          -0.7292888002953131,
          0.6327836595839104,
          0.2602358276855775,
          1.297867630329705
        ],
        [
          0.0,
          0.0,
          0.0,
          1.0
        ]
      ]
    },
    {
      "file_path": "frames/IMG_20251107_131133.jpg",
      "sharpness": 40.33247621917053,
      "transform_matrix": [
        [
          -0.428507700244013,
          0.20870679164731673,
          -0.8791033078979652,
          -2.9808010464580583
        ],
        [
          -0.8262781632959469,
          0.30314597334579163,
          0.4747282546710455,
          1.6908332487865607
        ],
        [
          0.36557563888095806,
          0.9298085792472658,
          0.042549480593096364,
          0.07120363085373715
        ],
        [
          0.0,
          0.0,
          0.0,
          1.0
        ]
      ]
    },
    {
      "file_path": "frames/IMG_20251107_131136.jpg",
      "sharpness": 24.98746605897131,
      "transform_matrix": [
        [
          -0.41389610368597307,
          0.7520405316896698,
          -0.5129571659064348,
          -1.1387845199925304
        ],
        [
          -0.8162788722886232,
          -0.057171991139984016,
          0.5748218560239423,
          1.7817177219508853
        ],
        [
          0.4029625516866943,
          0.656632623440322,
          0.6375380614957892,
          2.263422941437634
        ],
        [
          0.0,
          0.0,
          0.0,
          1.0
        ]
      ]
    },
    {
      "file_path": "frames/IMG_20251107_131139.jpg",
      "sharpness": 25.08420666220001,
      "transform_matrix": [
        [
          -0.40688136011415243,
          0.7519049874009281,
          -0.5187354322952492,
          -1.3985551972411459
        ],
        [
          -0.8239299228766674,
          -0.05687260822727101,
          0.5638306383129436,
          1.7319442478758023
        ],
        [
          0.39444523198241904,
          0.6568138217152212,
          0.6426574224685815,
          2.0773498825237238
        ],
        [
          0.0,
          0.0,
          0.0,
          1.0
        ]
      ]
    },
    {
      "file_path": "frames/IMG_20251107_131144.jpg",
      "sharpness": 39.00354571708794,
      "transform_matrix": [
        [
          -0.8412006949197621,
          0.22576647546005468,
          -0.4913358214400085,
          -1.7581790639376922
        ],
        [
          -0.5247215294417407,
          -0.5602494274217078,
          0.6409273716205888,
          2.395849317249485
        ],
        [
          -0.1305706989168822,
          0.796963034095851,
          0.5897467379756104,
          2.3702641305531813
        ],
        [
          0.0,
          0.0,
          0.0,
          1.0
        ]
      ]
    },
    {
      "file_path": "frames/IMG_20251107_131141.jpg",
      "sharpness": 65.15965874569878,
      "transform_matrix": [
        [
          -0.48456317814553407,
          0.7155486253480785,
          -0.5031785877332683,
          -2.2186093620462315
        ],
        [
          -0.7903208151336263,
          -0.11154915076508863,
          0.6024531485589679,
          2.6192061741281654
        ],
        [
          0.3749553781431685,
          0.6895991239646609,
          0.6195655838670072,
          2.540589232157205
        ],
        [
          0.0,
          0.0,
          0.0,
          1.0
        ]
      ]
    },
    {
      "file_path": "frames/IMG_20251107_131210.jpg",
      "sharpness": 34.088229785006625,
      "transform_matrix": [
        [
          0.06435976200421517,
          0.3020777648051437,
          -0.9511082194210921,
          -3.0392236057690822
        ],
        [
          -0.9037826959231374,
          0.4217555628734582,
          0.07279480622751708,
          0.31468308091911157
        ],
        [
          0.4231248747901469,
          0.854910094259105,
          0.30015674430452005,
          0.6756965845337164
        ],
        [
          0.0,
          0.0,
          0.0,
          1.0
        ]
      ]
    },
    {
      "file_path": "frames/IMG_20251107_131219.jpg",
      "sharpness": 31.22923846345536,
      "transform_matrix": [
        [
          0.01769868599133227,
          0.5348260158577074,
          -0.844776828092026,
          -3.138299907266859
        ],
        [
          -0.273092258922565,
          0.8153679149473105,
          0.5104858288626166,
          1.8962817378888848
        ],
        [
          0.9618250229196107,
          0.22166708388102674,
          0.1604877854951971,
          0.27033307744081914
        ],
        [
          0.0,
          0.0,
          0.0,
          1.0
        ]
      ]
    },
    {
      "file_path": "frames/IMG_20251107_131212.jpg",
      "sharpness": 92.93742691551284,
      "transform_matrix": [
        [
          -0.04493199951106971,
          0.19728112060019504,
          -0.9793167387928899,
          -4.255680227234351
        ],
        [
          -0.8302787796024644,
          0.5377698642569777,
          0.14642650483221797,
          0.9747097076188015
        ],
        [
          0.5555342146441082,
          0.8196851423727556,
          0.1396352527726748,
          0.8208974978317433
        ],
        [
          0.0,
          0.0,
          0.0,
          1.0
        ]
      ]
    },
    {
      "file_path": "frames/IMG_20251107_131215.jpg",
      "sharpness": 46.442289159832896,
      "transform_matrix": [
        [
          -0.1581681628006149,
          0.4809315898836973,
          -0.862373259171161,
          -3.441219625760277
        ],
        [
          -0.8799584959817356,
          0.3275546496974256,
          0.34406539623982124,
          1.5604130866223878
        ],
        [
          0.44794628885381826,
          0.8132728677216408,
          0.3713911213447228,
          1.246501326384473
        ],
        [
          0.0,
          0.0,
          0.0,
          1.0
        ]
      ]
    },
    {
      "file_path": "frames/IMG_20251107_131230.jpg",
      "sharpness": 33.2625529617146,
      "transform_matrix": [
        [
          -0.5182072719291103,
          0.47150824522272683,
          -0.7135413078526335,
          -2.583674081723792
        ],
        [
          -0.7953454774569433,
          0.041079706410137626,
          0.6047627876188729,
          2.254156745130072
        ],
        [
          0.3144627082042713,
          0.8809043265155247,
          0.3537241478311099,
          1.4279932696913926
        ],
        [
          0.0,
          0.0,
          0.0,
          1.0
        ]
      ]
    },
    {
      "file_path": "frames/IMG_20251107_131228.jpg",
      "sharpness": 27.79242457782029,
      "transform_matrix": [
        [
          -0.2220167641595602,
          0.528407649801322,
          -0.8194473211066313,
          -2.4500359436312062
        ],
        [
          -0.9532415303637999,
          0.059098123756663935,
          0.2963747570840487,
          0.8694898360209873
        ],
        [
          0.2050344880460461,
          0.8469313829705782,
          0.490579342548196,
          1.407477615980678
        ],
        [
          0.0,
          0.0,
          0.0,
          1.0
        ]
      ]
    },
    {
      "file_path": "frames/IMG_20251107_131233.jpg",
      "sharpness": 27.10943299999292,
      "transform_matrix": [
        [
          -0.36191518493483693,
          0.73368750817041,
          -0.5750826369084275,
          -1.405824878194564
        ],
        [
          -0.8632816602813286,
          -0.030973219646528893,
          0.5037712127197694,
          1.5802714319881528
        ],
        [
          0.3517984849204835,
          0.6787807452055943,
          0.6445886486974239,
          2.078306172881657
        ],
        [
          0.0,
          0.0,
          0.0,
          1.0
        ]
      ]
    },
    {
      "file_path": "frames/IMG_20251107_131225.jpg",
      "sharpness": 55.03215865524934,
      "transform_matrix": [
        [
          -0.14844682522388586,
          0.5984497762916794,
          -0.7872873715122455,
          -3.356291725089372
        ],
        [
          -0.9720847040214458,
          0.057969479481771176,
          0.22735625730262235,
          0.8998778018854424
        ],
        [
          0.18169994045040436,
          0.7990603261076629,
          0.5731384884692486,
          2.6515739398620743
        ],
        [
          0.0,
          0.0,
          0.0,
          1.0
        ]
      ]
    },
    {
      "file_path": "frames/IMG_20251107_131222.jpg",
      "sharpness": 47.126640569819244,
      "transform_matrix": [
        [
          0.4024951262566326,
          0.61506711263808,
          -0.6780045134775914,
          -2.7747976507461853
        ],
        [
          -0.5743512601159292,
          0.7464045492486635,
          0.33615603362523483,
          1.2923498552039385
        ],
        [
          0.7128241742685435,
          0.25411158148422464,
          0.6536887644879141,
          2.5790719577434342
        ],
        [
          0.0,
          0.0,
          0.0,
          1.0
        ]
      ]
    },
    {
      "file_path": "frames/IMG_20251107_131236.jpg",
      "sharpness": 29.733792248685962,
      "transform_matrix": [
        [
          -0.7705054429317533,
          0.4083135635569043,
          -0.4894909562323666,
          -1.3936099650058271
        ],
        [
          -0.6241892495099955,
          -0.3275765126139302,
          0.7092823198546192,
          2.4442937642581657
        ],
        [
          0.12926385118909084,
          0.8520408806358561,
          0.5072644227469725,
          1.5148925482356779
        ],
        [
          0.0,
          0.0,
          0.0,
          1.0
        ]
      ]
    },
    {
      "file_path": "frames/IMG_20251107_131304.jpg",
      "sharpness": 31.748570055970692,
      "transform_matrix": [
        [
          -0.6639963580825092,
          -0.6614794349517458,
          -0.34864565621036664,
          -1.2395994401397565
        ],
        [
          0.22502450111774447,
          -0.6214263782916817,
          0.750462011256067,
          2.7037670336244344
        ],
        [
          -0.7130727946043486,
          0.41985022749769707,
          0.5614739318517444,
          1.894812692631619
        ],
        [
          0.0,
          0.0,
          0.0,
          1.0
        ]
      ]
    },
    {
      "file_path": "frames/IMG_20251107_131311.jpg",
      "sharpness": 40.11052557926922,
      "transform_matrix": [
        [
          0.4615678282800179,
          -0.8281016078949277,
          -0.31812398039754375,
          -1.05039248940656
        ],
        [
          0.5684285380609455,
          0.0007697825114175896,
          0.8227322800469716,
          2.9298132523834086
        ],
        [
          -0.6810610376973847,
          -0.5605775008566529,
          0.47107189318367504,
          1.622336130807338
        ],
        [
          0.0,
          0.0,
          0.0,
          1.0
        ]
      ]
    },
    {
      "file_path": "frames/IMG_20251107_131309.jpg",
      "sharpness": 42.38026637357583,
      "transform_matrix": [
        [
          -0.3052625002762183,
          -0.929819574235896,
          -0.20554893650457756,
          -1.0078025226682508
        ],
        [
          0.3504688774511739,
          -0.3104007076585644,
          0.8836418769511117,
          3.350575082221152
        ],
        [
          -0.8854300491531769,
          0.1977042236688249,
          0.42062651852194366,
          1.4773340483177246
        ],
        [
          0.0,
          0.0,
          0.0,
          1.0
        ]
      ]
    },
    {
      "file_path": "frames/IMG_20251107_131327.jpg",
      "sharpness": 113.54057291643427,
      "transform_matrix": [
        [
          -0.40291422133019095,
          0.13513014375597737,
          -0.9052071445275103,
          -5.583515412017645
        ],
        [
          -0.8933160153334467,
          0.15710740563709708,
          0.42107453012651036,
          2.4287965766399098
        ],
        [
          0.199114607828858,
          0.9782929558285817,
          0.05741311356404789,
          0.7504419765235939
        ],
        [
          0.0,
          0.0,
          0.0,
          1.0
        ]
      ]
    },
    {
      "file_path": "frames/IMG_20251107_131324.jpg",
      "sharpness": 97.16156907736554,
      "transform_matrix": [
        [
          -0.7293853095639117,
          0.08741407837825918,
          -0.6784952830336483,
          -4.03578528450273
        ],
        [
          -0.6707570342170301,
          0.1035700753183833,
          0.7344101310748821,
          4.4543567386556395
        ],
        [
          0.13446959232653016,
          0.9907734445788198,
          -0.01690888348584043,
          0.48760241335492127
        ],
        [
          0.0,
          0.0,
          0.0,
          1.0
        ]
      ]
    },
    {
      "file_path": "frames/IMG_20251107_131329.jpg",
      "sharpness": 123.29760714678555,
      "transform_matrix": [
        [
          -0.19143198230299943,
          0.36751068744236437,
          -0.9101042197311574,
          -5.55352876786661
        ],
        [
          -0.9389367890666275,
          0.20154765270547284,
          0.2788839362614366,
          1.4598125336611647
        ],
        [
          0.28592219633623395,
          0.9079176385413513,
          0.30648663812887716,
          1.6696966705248157
        ],
        [
          0.0,
          0.0,
          0.0,
          1.0
        ]
      ]
    },
    {
      "file_path": "frames/IMG_20251107_131331.jpg",
      "sharpness": 70.84784564295072,
      "transform_matrix": [
        [
          -0.06918083260311714,
          0.7868901697607819,
          -0.6132029624353255,
          -3.52542418369354
        ],
        [
          -0.8170547415711186,
          0.3079894946399049,
          0.48740539650901926,
          2.2522914272366275
        ],
        [
          0.5723945857134517,
          0.534739499148986,
          0.6216253746265491,
          3.1759781207793294
        ],
        [
          0.0,
          0.0,
          0.0,
          1.0
        ]
      ]
    },
    {
      "file_path": "frames/IMG_20251107_131343.jpg",
      "sharpness": 52.14374220090075,
      "transform_matrix": [
        [
          -0.3118832386654973,
          -0.887070830338507,
          -0.3403442190009191,
          -1.5017429919366387
        ],
        [
          0.5404013486048915,
          -0.46024625307226186,
          0.7043718968254377,
          2.7308590598119253
        ],
        [
          -0.7814699149340287,
          0.03575931346890182,
          0.6229173650148273,
          2.5648573171684754
        ],
        [
          0.0,
          0.0,
          0.0,
          1.0
        ]
      ]
    },
    {
      "file_path": "frames/IMG_20251107_131345.jpg",
      "sharpness": 50.95939441441823,
      "transform_matrix": [
        [
          0.202852373899085,
          -0.9269254099091021,
          -0.3156900360695955,
          -1.2090719190798882
        ],
        [
          0.5743425459619262,
          -0.14848556096450613,
          0.8050358241479294,
          3.0636864274970135
        ],
        [
          -0.7930835733865306,
          -0.34461764705323755,
          0.5022520513126082,
          1.8082149063028194
        ],
        [
          0.0,
          0.0,
          0.0,
          1.0
        ]
      ]
    },
    {
      "file_path": "frames/IMG_20251107_131334.jpg",
      "sharpness": 63.67006865511044,
      "transform_matrix": [
        [
          0.01631618088768905,
          -0.9543756803386313,
          -0.29816244402118847,
          -1.7831527547445543
        ],
        [
          0.7316437106721482,
          -0.1918533920498872,
          0.6541328280031125,
          2.8559974071204883
        ],
        [
          -0.6814919390246529,
          -0.22882162647301332,
          0.6951326494896096,
          3.61320752529938
        ],
        [
          0.0,
          0.0,
          0.0,
          1.0
        ]
      ]
    },
    {
      "file_path": "frames/IMG_20251107_131352.jpg",
      "sharpness": 58.572768150025624,
      "transform_matrix": [
        [
          -0.3523024937791612,
          0.1403242872126353,
          -0.9253064612875691,
          -3.70032093265627
        ],
        [
          -0.8541690113861902,
          0.35583367194821397,
          0.37918029744950693,
          1.7770920180074228
        ],
        [
          0.38246340076204066,
          0.9239542696506425,
          -0.00550043231606308,
          0.1391733392049606
        ],
        [
          0.0,
          0.0,
          0.0,
          1.0
        ]
      ]
    },
    {
      "file_path": "frames/IMG_20251107_131336.jpg",
      "sharpness": 55.90054921518671,
      "transform_matrix": [
        [
          0.10342611630044009,
          -0.9366189307876479,
          -0.33473574198535355,
          -1.301545918856291
        ],
        [
          0.8631950017781211,
          -0.08268012458569395,
          0.49805460140658336,
          1.9163208615895682
        ],
        [
          -0.49416336109393605,
          -0.34045407252729465,
          0.7999334954455305,
          4.0182256643752865
        ],
        [
          0.0,
          0.0,
          0.0,
          1.0
        ]
      ]
    },
    {
      "file_path": "frames/IMG_20251107_131358.jpg",
      "sharpness": 43.29316860172671,
      "transform_matrix": [
        [
          -0.21893360560979305,
          0.09378103021190126,
          -0.9712225258468647,
          -3.3335389596280667
        ],
        [
          -0.9070493810679948,
          0.34729833483626554,
          0.23800270377168364,
          0.9195320672839787
        ],
        [
          0.35962410473501427,
          0.9330535810303076,
          0.009028748741643198,
          -0.27685221458287235
        ],
        [
          0.0,
          0.0,
          0.0,
          1.0
        ]
      ]
    },
    {
      "file_path": "frames/IMG_20251107_131431.jpg",
      "sharpness": 44.594654614834624,
      "transform_matrix": [
        [
          -0.2651181823812258,
          0.21714651186113215,
          -0.939446508196551,
          -3.911114836301389
        ],
        [
          -0.9123397950257055,
          0.25878011796408734,
          0.3172837043364412,
          1.127185263121579
        ],
        [
          0.3120071278790903,
          0.9412121137185154,
          0.12950408961089413,
          0.2957984276325568
        ],
        [
          0.0,
          0.0,
          0.0,
          1.0
        ]
      ]
    },
    {
      "file_path": "frames/IMG_20251107_131433.jpg",
      "sharpness": 34.83067955722422,
      "transform_matrix": [
        [
          -0.27524822592952636,
          0.277656329378792,
          -0.9204050069854126,
          -2.865829597788058
        ],
        [
          -0.9297316532865112,
          0.16672375452930355,
          0.3283325183884316,
          1.2236154097138974
        ],
        [
          0.2446169803236045,
          0.9461026120391202,
          0.21225546050430796,
          0.6667766554721503
        ],
        [
          0.0,
          0.0,
          0.0,
          1.0
        ]
      ]
    },
    {
      "file_path": "frames/IMG_20251107_131445.jpg",
      "sharpness": 33.81361130773333,
      "transform_matrix": [
        [
          -0.7448047976906169,
          0.043693273525721305,
          -0.6658503669676243,
          -2.1670978529910387
        ],
        [
          -0.6672615533860312,
          -0.05665711142678661,
          0.7426654638369427,
          2.6132788268008738
        ],
        [
          -0.005275673185317115,
          0.997437150730358,
          0.07135332997925582,
          -0.02572351325345273
        ],
        [
          0.0,
          0.0,
          0.0,
          1.0
        ]
      ]
    },
    {
      "file_path": "frames/IMG_20251107_131451.jpg",
      "sharpness": 49.31013699171903,
      "transform_matrix": [
        [
          0.15142127668436056,
          -0.942820070554654,
          -0.2969207159021899,
          -1.2377302890577095
        ],
        [
          0.6352918589154309,
          -0.13730467224785195,
          0.7599682105543581,
          2.660355373810526
        ],
        [
          -0.7572818834747022,
          -0.30370667023767256,
          0.5781750664789463,
          2.029267386795172
        ],
        [
          0.0,
          0.0,
          0.0,
          1.0
        ]
      ]
    },
    {
      "file_path": "frames/IMG_20251107_131455.jpg",
      "sharpness": 48.406372567183155,
      "transform_matrix": [
        [
          -0.2613766848733329,
          -0.7188044798974409,
          -0.6442067589596289,
          -2.2510283758852827
        ],
        [
          0.7982930725522119,
          -0.536155218473806,
          0.27434604443469074,
          1.0535466208841453
        ],
        [
          -0.5425959813741005,
          -0.44255813336633293,
          0.7139551104038439,
          2.6997532462909457
        ],
        [
          0.0,
          0.0,
          0.0,
          1.0
        ]
      ]
    },
    {
      "file_path": "frames/IMG_20251107_131453.jpg",
      "sharpness": 55.63212883120198,
      "transform_matrix": [
        [
          -0.208299291455455,
          -0.9075372368047708,
          -0.3646746070090305,
          -1.647061839903001
        ],
        [
          0.7034819270242721,
          -0.3980543530073051,
          0.5887834155958027,
          2.168762130995634
        ],
        [
          -0.6795031888174626,
          -0.13389882698620342,
          0.7213504838858844,
          2.9625176254681036
        ],
        [
          0.0,
          0.0,
          0.0,
          1.0
        ]
      ]
    }
  ]
}