pattern_type: asymmetric_circles
pattern_size:
  cols: 4
  rows: 11
pattern_spacing_m: 0.047
image_resolution:
- 3000
- 4000
reprojection_error: 32.59519307365116
camera_matrix:
- - 22148.342864410333
  - 0.0
  - 1808.1776756625702
- - 0.0
  - 40322.85912032819
  - 2117.726224634114
- - 0.0
  - 0.0
  - 1.0
cam0:
- - 22148.342864410333
  - 0.0
  - 1808.1776756625702
- - 0.0
  - 40322.85912032819
  - 2117.726224634114
- - 0.0
  - 0.0
  - 1.0
fx: 22148.342864410333
fy: 40322.85912032819
cx: 1808.1776756625702
cy: 2117.726224634114
distortion_model: opencv_radial_tangential
distortion_coeffs_count: 5
distortion_coefficients:
- -25.44967924596774
- -170.1616212145698
- 0.0
- 0.0
- 26.9662069811287
rvecs_count: 58
tvecs_count: 58
image_indices_used:
- calibrate2/IMG_20251107_131104.jpg
- calibrate2/IMG_20251107_131107.jpg
- calibrate2/IMG_20251107_131116.jpg
- calibrate2/IMG_20251107_131118.jpg
- calibrate2/IMG_20251107_131121.jpg
- calibrate2/IMG_20251107_131125.jpg
- calibrate2/IMG_20251107_131127.jpg
- calibrate2/IMG_20251107_131136.jpg
- calibrate2/IMG_20251107_131139.jpg
- calibrate2/IMG_20251107_131141.jpg
- calibrate2/IMG_20251107_131144.jpg
- calibrate2/IMG_20251107_131147.jpg
- calibrate2/IMG_20251107_131207.jpg
- calibrate2/IMG_20251107_131210.jpg
- calibrate2/IMG_20251107_131212.jpg
- calibrate2/IMG_20251107_131215.jpg
- calibrate2/IMG_20251107_131219.jpg
- calibrate2/IMG_20251107_131222.jpg
- calibrate2/IMG_20251107_131228.jpg
- calibrate2/IMG_20251107_131230.jpg
- calibrate2/IMG_20251107_131233.jpg
- calibrate2/IMG_20251107_131236.jpg
- calibrate2/IMG_20251107_131242.jpg
- calibrate2/IMG_20251107_131244.jpg
- calibrate2/IMG_20251107_131247.jpg
- calibrate2/IMG_20251107_131252.jpg
- calibrate2/IMG_20251107_131255.jpg
- calibrate2/IMG_20251107_131259.jpg
- calibrate2/IMG_20251107_131301.jpg
- calibrate2/IMG_20251107_131311.jpg
- calibrate2/IMG_20251107_131313.jpg
- calibrate2/IMG_20251107_131315.jpg
- calibrate2/IMG_20251107_131320.jpg
- calibrate2/IMG_20251107_131322.jpg
- calibrate2/IMG_20251107_131324.jpg
- calibrate2/IMG_20251107_131327.jpg
- calibrate2/IMG_20251107_131331.jpg
- calibrate2/IMG_20251107_131334.jpg
- calibrate2/IMG_20251107_131336.jpg
- calibrate2/IMG_20251107_131338.jpg
- calibrate2/IMG_20251107_131341.jpg
- calibrate2/IMG_20251107_131343.jpg
- calibrate2/IMG_20251107_131345.jpg
- calibrate2/IMG_20251107_131350.jpg
- calibrate2/IMG_20251107_131352.jpg
- calibrate2/IMG_20251107_131356.jpg
- calibrate2/IMG_20251107_131402.jpg
- calibrate2/IMG_20251107_131410.jpg
- calibrate2/IMG_20251107_131431.jpg
- calibrate2/IMG_20251107_131433.jpg
- calibrate2/IMG_20251107_131436.jpg
- calibrate2/IMG_20251107_131439.jpg
- calibrate2/IMG_20251107_131441.jpg
- calibrate2/IMG_20251107_131448.jpg
- calibrate2/IMG_20251107_131451.jpg
- calibrate2/IMG_20251107_131453.jpg
- calibrate2/IMG_20251107_131455.jpg
- calibrate2/IMG_20251107_131457.jpg
rvecs:
- - -0.8112776808540725
  - 0.008488589983138086
  - -1.2340835101566907
- - -0.9308136669390527
  - -0.05843691461513801
  - -1.1201694636596309
- - -0.06421924368642844
  - 1.6275830255339976
  - -2.2488902610690764
- - -0.03358752952099461
  - 1.7280387660674
  - -2.263564198616162
- - -0.046176319702706956
  - 1.694757709247911
  - -2.2765966896711802
- - 0.023655502144084118
  - -1.9342735799762267
  - 2.486500991854866
- - 0.03089692051831785
  - -1.9314467009201166
  - 2.4903781381913497
- - 1.3038141118111481
  - -0.04801415588995796
  - 0.012932656492637336
- - 1.308607971237354
  - -0.032561632232950555
  - 0.02057212182128566
- - 1.30472200602489
  - -0.028160372830137594
  - -0.01912987578357211
- - 1.2100773939064955
  - -0.07791036956019769
  - -0.5525645996732815
- - -0.17425751509415227
  - -1.1502223320762
  - 1.9523964632252728
- - -1.256943904930764
  - 0.021579863019587784
  - -0.08187454401736002
- - -1.2951694656413835
  - 0.05010362778314184
  - 0.18704149292976777
- - -1.3113389954572636
  - 0.017113238702436397
  - 0.2426946960667314
- - -1.292970504807083
  - -0.009963087845542463
  - 0.1439867021017778
- - -1.1326206004743484
  - -0.11890215224023264
  - 0.7830994126371124
- - 1.1376298781387082
  - 0.029638223357399684
  - 0.7505300722442868
- - -1.2909606021287126
  - -0.012226050209096331
  - -0.022761860956412323
- - -1.2930494367911058
  - -0.008752524307493082
  - -0.07136505250885226
- - 1.302511103239962
  - -0.023325368253241417
  - 0.02034120529681016
- - 1.2489624265522625
  - -0.04106421483243256
  - -0.3074229314771823
- - -0.0499502085494388
  - 1.6285062798716883
  - -2.34865236154025
- - -0.1619610009865122
  - 1.2520147248856612
  - -1.9832795896924886
- - -1.1716345404872048
  - 0.1539882919877267
  - -0.540730513563486
- - -1.2566167357075448
  - 0.000524297583416854
  - -0.13187847478257997
- - 1.2635137258170144
  - 0.037258288908761934
  - 0.2618495900897805
- - 1.2047763605361814
  - 0.04850577211728586
  - 0.6232397509871319
- - 0.7386527675714539
  - 0.12147535803126082
  - 1.3420217775078556
- - -0.08599505821150887
  - -1.798229957326611
  - -2.4281714667749283
- - -0.041606915887274096
  - -1.6466265286944721
  - 2.315461374243411
- - 0.07972124045351675
  - -1.628234994519375
  - 2.3173923767637095
- - 0.008543717703711158
  - -1.8276876824712398
  - 2.5353036274463663
- - 0.00029294737821707013
  - 1.8446553827580228
  - -2.4866711175069742
- - -1.2838648802110855
  - -0.05638021474480069
  - -0.23561336538966304
- - -1.3240903190158129
  - -0.0007556141102017989
  - -0.09364092483099888
- - 1.2897967489942417
  - 0.012042384488311419
  - 0.2933554879366169
- - 0.025870470838839903
  - -1.7248412331755654
  - -2.2327573753629806
- - 0.05189292618797146
  - -1.8282926282162848
  - -2.3282512997177514
- - 1.1276969431895967
  - 0.06172550863341302
  - 0.8576321655731068
- - 1.0874116167499523
  - 0.0509153366525003
  - 0.902058743388755
- - 0.040855692734361924
  - -1.4598428911794716
  - -2.0176107119335494
- - -0.06558434266477367
  - -1.695649982571126
  - -2.271936792049698
- - 0.028169941773587413
  - 1.842137623331085
  - -2.501584093836505
- - -1.332828940762551
  - -0.018534476637253796
  - 0.034092771369171965
- - 0.057114268020346554
  - 1.8759379279961592
  - -2.4770179924571947
- - -0.09291763161985475
  - 1.3885128846628503
  - -2.2199764310314727
- - 0.8218441080454943
  - 0.5954211198407436
  - 1.476552162507616
- - -1.3256449712692957
  - 0.007625304493946376
  - 0.01665556624891221
- - -1.309970266840221
  - 0.006040362372199954
  - -0.03178753993489933
- - -1.270254862635003
  - 0.0660238845223077
  - -0.1628541510903222
- - -1.2932086570211396
  - 4.3884319485366136e-05
  - 0.022234939345866844
- - -1.2529002927367576
  - -0.005215856143290519
  - -0.37683327114812776
- - -0.10675550911147218
  - -1.8129377682123582
  - -2.545614556290133
- - -0.04211911256427113
  - -1.7178562552896588
  - -2.2632001383660456
- - 0.06601013751832903
  - -1.5973643187098878
  - -2.1316702658235642
- - 0.08559062037777396
  - -1.5727163665378634
  - -2.196955460571045
- - -1.238930921372601
  - -0.02134208879567393
  - -0.06838356982317655
tvecs:
- - -0.32216799659484996
  - 0.0385807395172612
  - 6.432548582252329
- - -0.2803696726472539
  - 0.00877577357368502
  - 4.605871562515057
- - -0.07069861741455591
  - 0.10345142818652295
  - 3.645152826469541
- - -0.02835640530155296
  - 0.06221449874887358
  - 2.8639046270606574
- - -0.023516961607389118
  - 0.07226164396391715
  - 4.506865672086763
- - 0.04073273841219841
  - 0.05577744852669586
  - 2.7371934909227473
- - 0.04388986704081424
  - 0.05149238201306276
  - 3.039702743941705
- - -0.10726695433194096
  - -0.02553202951541251
  - 1.9642433493560998
- - -0.11124342745407316
  - -0.04430222672476686
  - 1.9407768355379238
- - -0.1299026952633562
  - -0.0661238271130476
  - 3.031745803704159
- - -0.1842431049770743
  - -0.008126389918365916
  - 3.2081176126466566
- - 0.06952379974210242
  - -0.05437815639977935
  - 3.9811431170229103
- - -0.15368407061174244
  - -0.0748740290322699
