pattern_type: asymmetric_circles
pattern_size:
  cols: 4
  rows: 11
pattern_spacing_m: 0.047
image_resolution:
- 4000
- 3000
reprojection_error: 33.23293297766275
camera_matrix:
- - 41291.57557218395
  - 0.0
  - 1909.638927477539
- - 0.0
  - 22537.381417590277
  - 1769.571230721058
- - 0.0
  - 0.0
  - 1.0
cam0:
- - 41291.57557218395
  - 0.0
  - 1909.638927477539
- - 0.0
  - 22537.381417590277
  - 1769.571230721058
- - 0.0
  - 0.0
  - 1.0
fx: 41291.57557218395
fy: 22537.381417590277
cx: 1909.638927477539
cy: 1769.571230721058
distortion_model: opencv_radial_tangential
distortion_coeffs_count: 5
distortion_coefficients:
- -30.061152445201508
- 96.98044231183344
- 0.0
- 0.0
- 26.41333733089054
rvecs_count: 61
tvecs_count: 61
image_indices_used:
- calibrate2/IMG_20251107_131104.jpg
- calibrate2/IMG_20251107_131116.jpg
- calibrate2/IMG_20251107_131118.jpg
- calibrate2/IMG_20251107_131121.jpg
- calibrate2/IMG_20251107_131125.jpg
- calibrate2/IMG_20251107_131127.jpg
- calibrate2/IMG_20251107_131133.jpg
- calibrate2/IMG_20251107_131136.jpg
- calibrate2/IMG_20251107_131139.jpg
- calibrate2/IMG_20251107_131141.jpg
- calibrate2/IMG_20251107_131144.jpg
- calibrate2/IMG_20251107_131147.jpg
- calibrate2/IMG_20251107_131202.jpg
- calibrate2/IMG_20251107_131207.jpg
- calibrate2/IMG_20251107_131210.jpg
- calibrate2/IMG_20251107_131212.jpg
- calibrate2/IMG_20251107_131215.jpg
- calibrate2/IMG_20251107_131219.jpg
- calibrate2/IMG_20251107_131222.jpg
- calibrate2/IMG_20251107_131225.jpg
- calibrate2/IMG_20251107_131228.jpg
- calibrate2/IMG_20251107_131230.jpg
- calibrate2/IMG_20251107_131233.jpg
- calibrate2/IMG_20251107_131236.jpg
- calibrate2/IMG_20251107_131242.jpg
- calibrate2/IMG_20251107_131244.jpg
- calibrate2/IMG_20251107_131247.jpg
- calibrate2/IMG_20251107_131252.jpg
- calibrate2/IMG_20251107_131255.jpg
- calibrate2/IMG_20251107_131259.jpg
- calibrate2/IMG_20251107_131301.jpg
- calibrate2/IMG_20251107_131311.jpg
- calibrate2/IMG_20251107_131313.jpg
- calibrate2/IMG_20251107_131315.jpg
- calibrate2/IMG_20251107_131320.jpg
- calibrate2/IMG_20251107_131322.jpg
- calibrate2/IMG_20251107_131324.jpg
- calibrate2/IMG_20251107_131327.jpg
- calibrate2/IMG_20251107_131331.jpg
- calibrate2/IMG_20251107_131334.jpg
- calibrate2/IMG_20251107_131336.jpg
- calibrate2/IMG_20251107_131338.jpg
- calibrate2/IMG_20251107_131341.jpg
- calibrate2/IMG_20251107_131343.jpg
- calibrate2/IMG_20251107_131345.jpg
- calibrate2/IMG_20251107_131350.jpg
- calibrate2/IMG_20251107_131352.jpg
- calibrate2/IMG_20251107_131356.jpg
- calibrate2/IMG_20251107_131402.jpg
- calibrate2/IMG_20251107_131406.jpg
- calibrate2/IMG_20251107_131410.jpg
- calibrate2/IMG_20251107_131431.jpg
- calibrate2/IMG_20251107_131433.jpg
- calibrate2/IMG_20251107_131436.jpg
- calibrate2/IMG_20251107_131439.jpg
- calibrate2/IMG_20251107_131441.jpg
- calibrate2/IMG_20251107_131448.jpg
- calibrate2/IMG_20251107_131451.jpg
- calibrate2/IMG_20251107_131453.jpg
- calibrate2/IMG_20251107_131455.jpg
- calibrate2/IMG_20251107_131457.jpg
rvecs:
- - -0.542770468490284
  - -0.5386570384580754
  - 0.2580688894262381
- - -0.9472355716733746
  - 0.8768616608313455
  - -0.9741848429756953
- - -0.9797746739386809
  - 0.9435705998267154
  - -1.026333446270245
- - -0.9680828820167815
  - 0.9173778746052001
  - -1.0257981173012158
- - -1.0367510702314824
  - 1.0103013474438363
  - -1.3088994841975
- - -1.0381629201569285
  - 1.0040603357977187
  - -1.3085477272793422
- - -1.006058318514078
  - -1.0542767232569037
  - 1.3229293008450116
- - 1.0483240918452272
  - 0.9759605477680079
  - 1.334238175897527
- - 1.0415599429757008
  - 0.9925253490711617
  - 1.3395880774915379
- - 1.029492172359873
  - 0.9877933009076634
  - 1.3032770505955615
- - 0.9251304124639571
  - 0.8192440028532435
  - 0.8227415520135785
- - -0.7545158055387903
  - 1.0123403789871563
  - -2.3058859475848723
- - 0.9813138925364557
  - -0.9968539781213246
  - -1.3462751372684312
- - -0.9846662163548789
  - -0.947467603173048
  - 1.2626978761725627
- - -1.0749116618276509
  - -0.9890071386100036
  - 1.5049104795178048
- - -1.0689197812015023
  - -1.0358046388415536
  - 1.5521022456038294
- - -1.0186828255339844
  - -1.0296469187554633
  - 1.4652259429349832
- - -0.8901232324605629
  - -1.084027098238743
  - 2.1343693870609086
- - 0.9623770333392511
  - 1.0095652762632314
  - 2.101473874039383
- - 1.0066119406966145
  - 0.9925438561868268
  - 1.3549789340962737
- - -0.9919477953584628
  - -1.00664610968574
  - 1.306763411268312
- - -0.9890580112662927
  - -0.9994129996705339
  - 1.2595934108721407
- - 1.0295885052927463
  - 0.9952943845524754
  - 1.3420000298644656
- - 0.9579588509686371
  - 0.9022357423146272
  - 1.0473968204374793
- - -0.9250947233149177
  - 0.8720206957327507
  - -1.0714936471999015
- - -0.8332525434703814
  - 0.6459650048024913
  - -0.5939016205216594
- - -0.9603349057564969
  - -0.737212705701194
  - 0.8449008756206754
- - -0.9617752279196141
  - -0.956709822488424
  - 1.2147528015477942
- - 0.9873748364296342
  - 1.0461924775214284
  - 1.586792200218437
- - 0.9834243212897547
  - 1.062495318283683
  - 1.9537391452163375
- - 0.5956589514606093
  - 0.8160228377541504
  - 2.8052936899919567
- - 0.9226008948959723
  - -1.0204287003657408
  - -1.2111972695985933
- - -0.9730577674889344
  - 1.01957189894669
  - -1.6597377304262706
- - -1.0377273507453817
  - 0.9383954697801212
  - -1.6722648483788018
- - -0.9776596360279323
  - 0.9670666372638826
  - -1.3620302485413789
- - -0.9842874885928558
  - 0.9832757725428933
  - -1.2888521323934277
- - -0.9241608268235376
  - -1.006878056873464
  - 1.1050089099897253
- - -1.0153362780975086
  - -1.0129460143685687
  - 1.2264805922521491
- - 1.0323156742549997
  - 1.0516616607055012
  - 1.606803854748365
- - 0.977066026386815
  - -0.9534497292401932
  - -0.991969404961425
- - 1.0280411065773478
  - -0.9773433876807693
  - -1.1268242247689273
- - 0.9410636326699083
  - 1.0440338604338482
  - 2.207586816420888
- - 0.9224883216261014
  - 1.0077587561492232
  - 2.265286984899178
- - 0.8731709520900142
  - -0.8339005036696164
  - -0.6869388016370345
- - 0.9045754935473921
  - -0.9838578033693552
  - -1.0192158216516682
- - -0.9667252284142028
  - 0.9951167457231063
  - -1.301369698955949
- - -1.0259792947310147
  - -1.0511861509168454
  - 1.3450820618656651
- - -0.9704269550154303
  - 1.0302939159240798
  - -1.2928279132332643
- - -0.8407071655620838
  - 0.7373339388939179
  - -0.8646886584010528
- - 0.5255570350658068
  - -1.0898755805566804
  - -2.425055397560684
- - -0.211643036680543
  - -1.3574818355668798
  - -2.7959255882143537
- - -1.0388908091762952
  - -1.0228484186257571
  - 1.3312160866366796
- - -1.0185417193651316
  - -1.00610935516941
  - 1.291052935229556
- - -1.0169504071409603
  - -0.9139081432886806
  - 1.17960724675809
- - -1.0092281710856736
  - -1.0055174906400812
  - 1.348938300312795
- - -0.9221310682827073
  - -0.9296315740066936
  - 0.9804132536650617
- - 0.9013876155248884
  - -1.0183220050552124
  - -1.331017814519642
- - 0.9304103012648777
  - -0.9834682444800708
  - -1.019040053824732
- - 0.9472637231824531
  - -0.8790920496674106
  - -0.8463446158712408
- - 0.9355448103251577
  - -0.8467933629541676
  - -0.9015697448732047
- - -0.9408178568626198
  - -0.9682218695672508
  - 1.2820310259051777
tvecs:
- - -0.04314491402761614
  - -0.31119429581983077
  - 6.55170512132572
- - -0.10559134371225545
  - -0.06432217567439864
  - 3.7064096060373424
- - -0.06388341605702735
  - -0.02325722928052556
  - 2.9087162326904004
- - -0.07503085655680578
  - -0.01559066544366374
  - 4.5854145607854315
- - -0.057378351058068953
  - 0.0456127185317852
  - 2.7794711164669166
- - -0.05332454950006975
  - 0.049292102593817465
  - 3.0882368950554557
- - 0.06862385926948653
  - -0.11447487361102933
  - 2.706984398608622
- - 0.023996674809175993
  - -0.10374323199953975
  - 1.996834508802433
- - 0.04262698194177731
  - -0.1077523706377937
  - 1.974470251590055
- - 0.06358522529993044
  - -0.1245565552149217
